-45.5082 -34.5016 28.3726
30.5547 57.0234 65.1772
86.8350 111.1913 115.0904
125.5487 141.0902 164.6347
175.0048 178.3757 190.5860
201.7268 215.1149 216.9557
231.6069 236.7523 251.4240
261.9706 269.5960 281.8141
292.9924 313.8244 318.1942
347.4731 357.9689 366.8151
375.1920 408.5077 417.1920
423.2993 489.5395 496.7656
506.1574 515.0285 548.4169
562.6468 566.1603 567.3099
580.3102 584.4871 608.1752
631.2245 659.4546 678.4970
729.6928 742.5432 802.1709
842.7425 843.6167 855.2749
859.0101 865.1902 866.2734
882.2254 925.8598 944.2754
951.0382 957.7696 966.1275
988.9096 999.7418 1012.1928
1015.1927 1023.5212 1031.3627
1032.4762 1033.6300 1033.8475
1039.6421 1043.3261 1053.6782
1089.4911 1117.4624 1132.3208
1162.1947 1164.2210 1217.4092
1224.6401 1232.1744 1246.1044
1246.8274 1253.7357 1263.3057
1268.8462 1308.9882 1314.7928
1336.9582 1352.1702 1354.2886
1359.4127 1364.6292 1366.4373
1389.7625 1390.0846 1392.9663
1394.3227 1421.4716 1422.6770
1445.5167 1451.8781 1456.2138
1456.7755 1458.1218 1462.5534
1464.8940 1465.6640 1466.8314
1475.5420 1479.7919 1480.7061
1486.7527 1487.1236 1581.7025
1582.5783 1616.6569 1617.1774
2899.6532 2902.8019 2911.3719
2942.5763 2976.6581 2976.9131
2984.8498 2985.5827 2989.3157
2995.2779 2996.9461 3033.2836
3034.6079 3040.2548 3042.9150
3043.7806 3065.5401 3067.3097
3073.8686 3074.4001 3094.8946
3095.6585 3100.4824 3101.5568
