0.1443 0.1551 0.2309
0.0748 0.0557 0.2503
0.3891 0.0397 0.6562
0.4917 2.8581 2.7822
1.7991 0.2396 1.8521
1.2420 0.1556 0.7315
0.6302 0.8845 1.0970
0.2033 1.0140 2.0236
1.1007 6.0297 0.3850
4.8479 4.4676 7.3356
3.0899 25.5552 13.2788
24.9226 3.7610 0.7829
1.0757 2.3244 0.4390
10.7616 4.4097 1.5039
7.3192 8.6072 81.2366
127.1941 2.9688 1.6928
3.2315 9.7035 7.7243
13.5755 5.0936 66.1493
152.7833 0.8876 10.0642
20.4828 26.1657 9.9034
5.0513 4.9407 4.6718
8.1367 9.5635 16.1165
2.8765 4.8101 6.2327
6.0445 1.5093 1.9811
68.6543 143.9152 8.2780
94.7527 33.4325 14.3552
24.0623 17.7980 9.2724
26.2275 3.0739 206.2762
30.0156 73.1207 12.9905
14.0178 8.6431 19.1831
6.6883 0.2789 0.2677
4.5350 18.9503 11.7389
2.1642 1.8244 1.1400
3.4369 5.7796 0.7033
42.6695 23.1976 6.3859
9.1825 8.2726 4.2593
1.1853 6.7259 5.8084
2.8118 22.5550 36.3846
52.9791 19.3178 0.5728
1.7730 13.8838 5.9943
19.2802 32.7443 87.0360
69.7338 45.9489 44.3660
17.2676 18.3420 33.7850
9.4882 3.2130 15.7799
14.6944 8.6116 9.5351
8.4417 12.3639 13.9250
20.5769 17.9616 12.9598
20.8607 28.7102 26.4479
