-45.5082 0.1443
-34.5016 0.1551
28.3726 0.2309
30.5547 0.0748
57.0234 0.0557
65.1772 0.2503
86.835 0.3891
111.191 0.0397
115.09 0.6562
125.549 0.4917
141.09 2.8581
164.635 2.7822
175.005 1.7991
178.376 0.2396
190.586 1.8521
201.727 1.242
215.115 0.1556
216.956 0.7315
231.607 0.6302
236.752 0.8845
251.424 1.097
261.971 0.2033
269.596 1.014
281.814 2.0236
292.992 1.1007
313.824 6.0297
318.194 0.385
347.473 4.8479
357.969 4.4676
366.815 7.3356
375.192 3.0899
408.508 25.5552
417.192 13.2788
423.299 24.9226
489.539 3.761
496.766 0.7829
506.157 1.0757
515.029 2.3244
548.417 0.439
562.647 10.7616
566.16 4.4097
567.31 1.5039
580.31 7.3192
584.487 8.6072
608.175 81.2366
631.225 127.194
659.455 2.9688
678.497 1.6928
729.693 3.2315
742.543 9.7035
802.171 7.7243
842.742 13.5755
843.617 5.0936
855.275 66.1493
859.01 152.783
865.19 0.8876
866.273 10.0642
882.225 20.4828
925.86 26.1657
944.275 9.9034
951.038 5.0513
957.77 4.9407
966.128 4.6718
988.91 8.1367
999.742 9.5635
1012.19 16.1165
1015.19 2.8765
1023.52 4.8101
1031.36 6.2327
1032.48 6.0445
1033.63 1.5093
1033.85 1.9811
1039.64 68.6543
1043.33 143.915
1053.68 8.278
1089.49 94.7527
1117.46 33.4325
1132.32 14.3552
1162.19 24.0623
1164.22 17.798
1217.41 9.2724
1224.64 26.2275
1232.17 3.0739
1246.1 206.276
1246.83 30.0156
1253.74 73.1207
1263.31 12.9905
1268.85 14.0178
1308.99 8.6431
1314.79 19.1831
1336.96 6.6883
1352.17 0.2789
1354.29 0.2677
1359.41 4.535
1364.63 18.9503
1366.44 11.7389
1389.76 2.1642
1390.08 1.8244
1392.97 1.14
1394.32 3.4369
1421.47 5.7796
1422.68 0.7033
1445.52 42.6695
1451.88 23.1976
1456.21 6.3859
1456.78 9.1825
1458.12 8.2726
1462.55 4.2593
1464.89 1.1853
1465.66 6.7259
1466.83 5.8084
1475.54 2.8118
1479.79 22.555
1480.71 36.3846
1486.75 52.9791
1487.12 19.3178
1581.7 0.5728
1582.58 1.773
1616.66 13.8838
1617.18 5.9943
2899.65 19.2802
2902.8 32.7443
2911.37 87.036
2942.58 69.7338
2976.66 45.9489
2976.91 44.366
2984.85 17.2676
2985.58 18.342
2989.32 33.785
2995.28 9.4882
2996.95 3.213
3033.28 15.7799
3034.61 14.6944
3040.25 8.6116
3042.91 9.5351
3043.78 8.4417
3065.54 12.3639
3067.31 13.925
3073.87 20.5769
3074.4 17.9616
3094.89 12.9598
3095.66 20.8607
3100.48 28.7102
3101.56 26.4479
0 0
6.95336e-310 0
6.9029e-310 0
6.95314e-310 0
2.07517e-317 0
0 0
-45.5082 0.1443
-34.5016 0.1551
28.3726 0.2309
30.5547 0.0748
57.0234 0.0557
65.1772 0.2503
86.835 0.3891
111.191 0.0397
115.09 0.6562
125.549 0.4917
141.09 2.8581
164.635 2.7822
175.005 1.7991
178.376 0.2396
190.586 1.8521
201.727 1.242
215.115 0.1556
216.956 0.7315
231.607 0.6302
236.752 0.8845
251.424 1.097
261.971 0.2033
269.596 1.014
281.814 2.0236
292.992 1.1007
313.824 6.0297
318.194 0.385
347.473 4.8479
357.969 4.4676
366.815 7.3356
375.192 3.0899
408.508 25.5552
417.192 13.2788
423.299 24.9226
489.539 3.761
496.766 0.7829
506.157 1.0757
515.029 2.3244
548.417 0.439
562.647 10.7616
566.16 4.4097
567.31 1.5039
580.31 7.3192
584.487 8.6072
608.175 81.2366
631.225 127.194
659.455 2.9688
678.497 1.6928
729.693 3.2315
742.543 9.7035
802.171 7.7243
842.742 13.5755
843.617 5.0936
855.275 66.1493
859.01 152.783
865.19 0.8876
866.273 10.0642
882.225 20.4828
925.86 26.1657
944.275 9.9034
951.038 5.0513
957.77 4.9407
966.128 4.6718
988.91 8.1367
999.742 9.5635
1012.19 16.1165
1015.19 2.8765
1023.52 4.8101
1031.36 6.2327
1032.48 6.0445
1033.63 1.5093
1033.85 1.9811
1039.64 68.6543
1043.33 143.915
1053.68 8.278
1089.49 94.7527
1117.46 33.4325
1132.32 14.3552
1162.19 24.0623
1164.22 17.798
1217.41 9.2724
1224.64 26.2275
1232.17 3.0739
1246.1 206.276
1246.83 30.0156
1253.74 73.1207
1263.31 12.9905
1268.85 14.0178
1308.99 8.6431
1314.79 19.1831
1336.96 6.6883
1352.17 0.2789
1354.29 0.2677
1359.41 4.535
1364.63 18.9503
1366.44 11.7389
1389.76 2.1642
1390.08 1.8244
1392.97 1.14
1394.32 3.4369
1421.47 5.7796
1422.68 0.7033
1445.52 42.6695
1451.88 23.1976
1456.21 6.3859
1456.78 9.1825
1458.12 8.2726
1462.55 4.2593
1464.89 1.1853
1465.66 6.7259
1466.83 5.8084
1475.54 2.8118
1479.79 22.555
1480.71 36.3846
1486.75 52.9791
1487.12 19.3178
1581.7 0.5728
1582.58 1.773
1616.66 13.8838
1617.18 5.9943
2899.65 19.2802
2902.8 32.7443
2911.37 87.036
2942.58 69.7338
2976.66 45.9489
2976.91 44.366
2984.85 17.2676
2985.58 18.342
2989.32 33.785
2995.28 9.4882
2996.95 3.213
3033.28 15.7799
3034.61 14.6944
3040.25 8.6116
3042.91 9.5351
3043.78 8.4417
3065.54 12.3639
3067.31 13.925
3073.87 20.5769
3074.4 17.9616
3094.89 12.9598
3095.66 20.8607
3100.48 28.7102
3101.56 26.4479
